Time,"Temp:Edge,0","Temp:Tctl,0",Frequency:Avg,Frequency:Core 0,Frequency:Core 1,Frequency:Core 2,Frequency:Core 3,Frequency:Core 4,Frequency:Core 5,Frequency:Core 6,Frequency:Core 7,Frequency:Core 8,Frequency:Core 9,Frequency:Core 10,Frequency:Core 11,Util:Avg,Util:Core 0,Util:Core 1,Util:Core 2,Util:Core 3,Util:Core 4,Util:Core 5,Util:Core 6,Util:Core 7,Util:Core 8,Util:Core 9,Util:Core 10,Util:Core 11
2025-06-26_16:25:23,31.0,33.5,3001.4,3007.0,2974.4,3007.0,3007.0,3007.0,3007.0,3007.0,3007.0,3007.0,2972.8,3007.0,3007.0,9.5,0.0,0.0,0.0,0.0,0.0,0.0,0.0,0.0,0.0,87.5,12.5,0.0
2025-06-26_16:25:25,31.0,33.6,3001.9,3007.0,3007.0,3007.0,3007.0,3007.0,3007.0,3007.0,2975.6,3007.0,2977.5,3007.0,3007.0,0.3,0.0,0.5,0.0,1.0,0.0,0.0,0.5,0.5,0.5,1.5,0.0,0.5
2025-06-26_16:25:27,31.0,34.2,3007.0,3007.0,3007.0,3007.0,3007.0,3007.0,3007.0,3007.0,3007.0,3007.0,2976.6,3007.0,3007.0,0.7,0.0,0.0,0.0,5.6,0.0,0.0,0.0,0.5,0.0,1.0,0.0,0.5
2025-06-26_16:25:29,30.0,34.0,2997.1,3007.0,2976.8,3007.0,2976.5,3007.0,3007.0,3007.0,3007.0,3007.0,2976.2,2979.7,3007.0,0.4,1.5,0.0,0.0,1.0,0.0,0.0,0.0,0.0,0.0,2.0,0.0,0.0
2025-06-26_16:25:31,30.0,34.0,2999.2,2976.4,3007.0,3007.0,3007.0,3007.0,3007.0,3007.0,2977.3,3007.0,2974.2,3007.0,3007.0,0.5,0.0,0.5,0.5,0.5,0.0,0.0,0.5,0.0,0.0,1.5,0.0,0.0
2025-06-26_16:25:33,30.0,34.2,3002.1,3007.0,3007.0,3007.0,3007.0,3007.0,3007.0,3007.0,2980.0,3007.0,2975.2,3007.0,3007.0,0.5,0.0,0.0,0.0,0.5,0.0,0.0,3.0,0.5,0.0,1.0,0.0,0.0
2025-06-26_16:25:35,31.0,34.0,2984.0,2968.0,2974.4,2967.5,2976.7,2969.4,3007.0,2972.4,3007.0,3007.0,2978.7,2974.7,3007.0,0.5,0.0,1.0,0.5,1.0,1.0,0.0,1.0,0.5,0.0,1.5,0.0,0.0
2025-06-26_16:25:37,32.0,34.1,3004.7,3007.0,3007.0,3007.0,3007.0,3007.0,3007.0,3007.0,2979.2,3007.0,2976.5,3007.0,3007.0,0.5,1.0,1.0,0.0,1.5,0.0,0.0,1.5,0.0,0.0,1.0,0.5,0.0
2025-06-26_16:25:39,30.0,33.8,3004.6,3007.0,3007.0,3007.0,3007.0,3007.0,3007.0,3007.0,3007.0,3007.0,2974.8,3007.0,3007.0,0.1,0.0,0.0,0.0,0.0,0.0,0.0,0.0,0.0,0.0,1.0,0.0,0.0
2025-06-26_16:25:41,31.0,33.4,3004.5,3007.0,3007.0,3007.0,3007.0,3007.0,3007.0,3007.0,3007.0,3007.0,2976.8,3007.0,3007.0,0.1,0.0,0.0,0.0,1.0,0.0,0.0,0.0,0.0,0.0,1.0,0.0,0.0
2025-06-26_16:25:43,30.0,33.4,3002.3,3007.0,3007.0,3007.0,3007.0,3007.0,3007.0,3007.0,3007.0,2979.7,2977.6,3007.0,3007.0,0.2,0.0,0.0,0.5,0.0,0.0,0.0,1.5,0.5,0.0,0.5,0.0,0.0
2025-06-26_16:25:45,31.0,35.0,2959.5,2959.4,2959.4,2959.4,2959.3,2959.4,2959.4,2959.4,2959.4,2959.4,2959.0,2959.4,2959.4,60.5,60.0,60.5,60.9,60.0,60.4,60.9,61.0,60.4,60.2,61.9,60.9,59.5
2025-06-26_16:25:47,31.0,35.5,2958.4,2959.0,2959.0,2959.0,2959.0,2959.0,2959.0,2959.0,2959.0,2959.0,2958.8,2959.0,2959.0,100.0,100.0,100.0,100.0,100.0,100.0,100.0,100.0,100.0,100.0,100.0,100.0,100.0
2025-06-26_16:25:49,31.0,35.6,2958.2,2957.2,2957.2,2957.2,2957.2,2957.2,2957.2,2957.3,2957.2,2957.2,2957.1,2957.2,2957.3,100.0,100.0,100.0,100.0,100.0,100.0,100.0,100.0,100.0,100.0,100.0,100.0,100.0
2025-06-26_16:25:51,31.0,35.8,2958.6,2958.6,2958.6,2958.6,2958.6,2958.6,2958.6,2958.6,2958.5,2958.6,2958.5,2958.6,2958.6,100.0,100.0,100.0,100.0,100.0,100.0,100.0,100.0,100.0,100.0,100.0,100.0,100.0
2025-06-26_16:25:53,32.0,35.9,2956.4,2957.7,2957.7,2957.7,2957.6,2957.7,2957.6,2957.7,2957.7,2957.7,2957.5,2957.7,2957.6,100.0,100.0,100.0,100.0,100.0,100.0,100.0,100.0,100.0,100.0,100.0,100.0,100.0
2025-06-26_16:25:55,32.0,36.0,2959.4,2958.9,2958.9,2959.0,2959.0,2959.0,2959.0,2958.9,2958.9,2959.0,2956.6,2958.9,2959.0,100.0,100.0,100.0,100.0,100.0,100.0,100.0,100.0,100.0,100.0,100.0,100.0,100.0
2025-06-26_16:25:57,31.0,36.1,2957.9,2959.6,2959.6,2959.6,2959.6,2959.6,2959.6,2959.6,2959.6,2959.6,2958.9,2959.6,2959.6,100.0,100.0,100.0,100.0,100.0,100.0,100.0,100.0,100.0,100.0,100.0,100.0,100.0
2025-06-26_16:25:59,32.0,36.1,2959.4,2958.6,2958.6,2958.6,2958.6,2958.6,2958.6,2958.6,2958.5,2958.6,2958.4,2958.6,2958.6,100.0,100.0,100.0,100.0,100.0,100.0,100.0,100.0,100.0,100.0,100.0,100.0,100.0
2025-06-26_16:26:01,32.0,36.1,2959.5,2959.3,2959.3,2959.3,2959.3,2959.3,2959.3,2959.3,2959.3,2959.3,2959.2,2959.3,2959.3,100.0,100.0,100.0,100.0,100.0,100.0,100.0,100.0,100.0,100.0,100.0,100.0,100.0
2025-06-26_16:26:03,32.0,36.2,2958.9,2957.8,2957.8,2957.8,2957.7,2957.8,2957.7,2957.7,2957.7,2957.7,2957.6,2957.8,2957.8,100.0,100.0,100.0,100.0,100.0,100.0,100.0,100.0,100.0,100.0,100.0,100.0,100.0
2025-06-26_16:26:05,32.0,36.2,2957.4,2958.0,2958.0,2958.0,2958.0,2958.0,2958.0,2958.0,2958.0,2958.0,2957.9,2958.0,2958.1,100.0,100.0,100.0,100.0,100.0,100.0,100.0,100.0,100.0,100.0,100.0,100.0,100.0
2025-06-26_16:26:07,32.0,36.4,2957.1,2957.7,2957.7,2957.7,2955.5,2957.7,2957.7,2957.7,2957.6,2957.7,2957.6,2957.7,2957.7,100.0,100.0,100.0,100.0,100.0,100.0,100.0,100.0,100.0,100.0,100.0,100.0,100.0
2025-06-26_16:26:09,32.0,36.4,2959.3,2960.6,2960.6,2960.6,2960.0,2960.6,2960.6,2960.6,2960.6,2960.6,2960.7,2960.6,2960.6,100.0,100.0,100.0,100.0,100.0,100.0,100.0,100.0,100.0,100.0,100.0,100.0,100.0
2025-06-26_16:26:11,32.0,36.5,2962.1,2961.1,2961.1,2961.0,2960.9,2961.0,2961.0,2961.1,2961.0,2961.1,2961.1,2961.1,2961.1,100.0,100.0,100.0,100.0,100.0,100.0,100.0,100.0,100.0,100.0,100.0,100.0,100.0
2025-06-26_16:26:13,32.0,36.5,2958.8,2959.9,2959.8,2959.8,2959.7,2959.8,2959.8,2959.9,2959.9,2959.8,2959.8,2959.8,2959.8,100.0,100.0,100.0,100.0,100.0,100.0,100.0,100.0,100.0,100.0,100.0,100.0,100.0
2025-06-26_16:26:15,32.0,36.6,2960.2,2958.2,2958.2,2958.2,2958.2,2958.1,2958.2,2958.2,2958.2,2958.3,2958.2,2958.2,2958.2,100.0,100.0,100.0,100.0,100.0,100.0,100.0,100.0,100.0,100.0,100.0,100.0,100.0
2025-06-26_16:26:17,32.0,36.6,2958.1,2958.3,2958.3,2958.3,2958.2,2958.3,2958.2,2958.3,2958.2,2958.2,2958.3,2955.3,2958.3,100.0,100.0,100.0,100.0,100.0,100.0,100.0,100.0,100.0,100.0,100.0,100.0,100.0
2025-06-26_16:26:19,33.0,36.6,2958.7,2959.6,2959.6,2959.6,2959.6,2959.6,2959.7,2959.6,2959.7,2959.6,2959.7,2958.0,2959.6,100.0,100.0,100.0,100.0,100.0,100.0,100.0,100.0,100.0,100.0,100.0,100.0,100.0
2025-06-26_16:26:21,32.0,36.8,2958.1,2957.4,2957.5,2957.5,2957.5,2957.1,2957.5,2957.5,2957.5,2957.5,2957.5,2957.5,2957.5,100.0,100.0,100.0,100.0,100.0,100.0,100.0,100.0,100.0,100.0,100.0,100.0,100.0
2025-06-26_16:26:23,33.0,36.9,2964.5,2970.3,2970.1,2970.3,2970.2,2970.0,2970.3,2970.3,2970.3,2970.3,2970.2,2970.3,2970.3,100.0,100.0,100.0,100.0,100.0,100.0,100.0,100.0,100.0,100.0,100.0,100.0,100.0
2025-06-26_16:26:25,33.0,37.0,2978.5,2977.9,2978.0,2978.0,2977.8,2977.9,2978.0,2977.9,2978.0,2977.9,2977.9,2978.0,2978.0,100.0,100.0,100.0,100.0,100.0,100.0,100.0,100.0,100.0,100.0,100.0,100.0,100.0
2025-06-26_16:26:27,33.0,37.0,2975.9,2975.3,2975.3,2975.3,2975.3,2972.2,2975.2,2975.3,2975.2,2975.3,2975.3,2975.3,2975.3,100.0,100.0,100.0,100.0,100.0,100.0,100.0,100.0,100.0,100.0,100.0,100.0,100.0
2025-06-26_16:26:29,33.0,37.1,2958.9,2959.1,2959.1,2959.1,2959.1,2956.6,2959.1,2959.1,2959.1,2959.1,2959.1,2960.1,2960.2,100.0,100.0,100.0,100.0,100.0,100.0,100.0,100.0,100.0,100.0,100.0,100.0,100.0
2025-06-26_16:26:31,33.0,37.2,2965.4,2965.4,2965.4,2965.4,2965.4,2965.2,2965.4,2965.3,2965.4,2965.4,2965.4,2965.4,2965.4,100.0,100.0,100.0,100.0,100.0,100.0,100.0,100.0,100.0,100.0,100.0,100.0,100.0
2025-06-26_16:26:33,33.0,37.2,2964.1,2961.8,2961.8,2962.0,2961.8,2961.8,2961.8,2961.9,2962.0,2962.0,2961.9,2961.9,2961.9,100.0,100.0,100.0,100.0,100.0,100.0,100.0,100.0,100.0,100.0,100.0,100.0,100.0
2025-06-26_16:26:35,32.0,37.1,2965.7,2971.8,2971.8,2971.9,2971.8,2971.8,2971.9,2971.9,2971.7,2971.9,2971.9,2971.8,2971.9,100.0,100.0,100.0,100.0,100.0,100.0,100.0,100.0,100.0,100.0,100.0,100.0,100.0
2025-06-26_16:26:37,33.0,37.1,2958.9,2958.5,2958.3,2958.5,2958.3,2958.2,2958.3,2958.5,2958.3,2958.3,2958.5,2958.3,2958.2,100.0,100.0,100.0,100.0,100.0,100.0,100.0,100.0,100.0,100.0,100.0,100.0,100.0
2025-06-26_16:26:39,33.0,37.2,2958.4,2958.6,2958.6,2958.6,2958.6,2956.4,2958.6,2958.6,2958.6,2958.6,2958.6,2958.6,2958.6,100.0,100.0,100.0,100.0,100.0,100.0,100.0,100.0,100.0,100.0,100.0,100.0,100.0
2025-06-26_16:26:41,33.0,37.2,2957.4,2956.4,2957.7,2957.7,2957.7,2957.7,2957.6,2957.7,2957.7,2957.7,2957.7,2957.7,2957.7,100.0,100.0,100.0,100.0,100.0,100.0,100.0,100.0,100.0,100.0,100.0,100.0,100.0
2025-06-26_16:26:43,33.0,37.4,2979.5,2975.4,2975.5,2975.6,2975.5,2975.6,2975.6,2975.5,2975.5,2975.6,2975.5,2975.5,2975.5,100.0,100.0,100.0,100.0,100.0,100.0,100.0,100.0,100.0,100.0,100.0,100.0,100.0
2025-06-26_16:26:45,33.0,37.4,2975.3,2975.4,2975.4,2975.4,2975.3,2975.4,2975.4,2975.3,2975.3,2975.4,2975.4,2975.4,2975.3,100.0,100.0,100.0,100.0,100.0,100.0,100.0,100.0,100.0,100.0,100.0,100.0,100.0
2025-06-26_16:26:47,33.0,37.4,2968.9,2966.6,2966.7,2966.6,2966.4,2966.6,2966.6,2966.6,2966.7,2966.6,2966.5,2966.6,2966.6,100.0,100.0,100.0,100.0,100.0,100.0,100.0,100.0,100.0,100.0,100.0,100.0,100.0
2025-06-26_16:26:49,33.0,37.5,2974.1,2974.4,2974.3,2974.4,2971.8,2974.3,2974.3,2960.9,2960.9,2960.8,2960.8,2960.9,2960.8,100.0,100.0,100.0,100.0,100.0,100.0,100.0,100.0,100.0,100.0,100.0,100.0,100.0
2025-06-26_16:26:51,33.0,37.5,2981.2,2981.4,2981.4,2981.4,2979.2,2981.4,2981.4,2981.4,2981.4,2981.4,2981.4,2981.3,2981.5,100.0,100.0,100.0,100.0,100.0,100.0,100.0,100.0,100.0,100.0,100.0,100.0,100.0
2025-06-26_16:26:53,34.0,37.5,2970.3,2973.0,2973.0,2973.0,2973.0,2973.0,2973.0,2973.0,2973.0,2973.0,2972.7,2973.0,2973.0,100.0,100.0,100.0,100.0,100.0,100.0,100.0,100.0,100.0,100.0,100.0,100.0,100.0
2025-06-26_16:26:55,33.0,37.5,2962.0,2959.6,2959.6,2959.6,2959.5,2959.6,2959.5,2959.5,2959.6,2959.5,2959.3,2959.6,2959.5,100.0,100.0,100.0,100.0,100.0,100.0,100.0,100.0,100.0,100.0,100.0,100.0,100.0
2025-06-26_16:26:57,33.0,37.5,2972.6,2973.1,2973.1,2973.1,2973.1,2973.1,2973.1,2973.1,2973.1,2973.1,2973.0,2973.1,2973.1,100.0,100.0,100.0,100.0,100.0,100.0,100.0,100.0,100.0,100.0,100.0,100.0,100.0
2025-06-26_16:26:59,34.0,37.6,2978.1,2975.6,2975.5,2975.5,2975.6,2975.5,2975.5,2975.6,2975.5,2975.5,2975.6,2975.5,2975.5,100.0,100.0,100.0,100.0,100.0,100.0,100.0,100.0,100.0,100.0,100.0,100.0,100.0
2025-06-26_16:27:01,33.0,37.6,2972.8,2973.1,2973.1,2973.1,2973.1,2973.1,2973.1,2973.1,2973.1,2973.0,2970.2,2971.4,2971.4,100.0,100.0,100.0,100.0,100.0,100.0,100.0,100.0,100.0,100.0,100.0,100.0,100.0
2025-06-26_16:27:03,33.0,37.6,2971.3,2971.4,2971.4,2971.4,2970.2,2971.5,2971.3,2971.5,2971.3,2971.3,2971.3,2971.3,2971.4,100.0,100.0,100.0,100.0,100.0,100.0,100.0,100.0,100.0,100.0,100.0,100.0,100.0
2025-06-26_16:27:05,33.0,37.6,2973.8,2973.7,2973.7,2973.7,2973.7,2973.7,2973.7,2973.7,2973.7,2973.7,2973.5,2973.7,2973.7,100.0,100.0,100.0,100.0,100.0,100.0,100.0,100.0,100.0,100.0,100.0,100.0,100.0
2025-06-26_16:27:07,34.0,37.8,2975.6,2975.9,2975.8,2975.8,2975.9,2975.9,2975.8,2975.9,2975.9,2975.9,2975.8,2975.8,2975.9,100.0,100.0,100.0,100.0,100.0,100.0,100.0,100.0,100.0,100.0,100.0,100.0,100.0
2025-06-26_16:27:09,34.0,37.8,2974.5,2973.9,2973.9,2974.0,2973.9,2973.9,2973.9,2973.9,2973.9,2973.9,2973.7,2973.9,2973.9,100.0,100.0,100.0,100.0,100.0,100.0,100.0,100.0,100.0,100.0,100.0,100.0,100.0
2025-06-26_16:27:11,33.0,37.9,2972.6,2972.2,2972.2,2972.2,2972.2,2972.2,2972.2,2972.2,2972.2,2972.2,2972.0,2972.2,2972.2,100.0,100.0,100.0,100.0,100.0,100.0,100.0,100.0,100.0,100.0,100.0,100.0,100.0
2025-06-26_16:27:13,33.0,37.9,2974.3,2974.6,2975.5,2975.5,2975.5,2975.5,2975.5,2975.5,2975.5,2975.5,2974.4,2975.5,2975.5,100.0,100.0,100.0,100.0,100.0,100.0,100.0,100.0,100.0,100.0,100.0,100.0,100.0
2025-06-26_16:27:15,33.0,37.6,2979.0,2976.2,2977.7,2979.5,2977.4,2978.5,2963.7,2977.8,3007.0,2978.4,2978.3,2974.5,2979.6,27.2,28.6,28.0,26.6,28.0,27.0,26.5,31.0,27.2,26.5,25.9,26.5,26.4
2025-06-26_16:27:17,34.0,37.1,2973.4,2962.2,2973.7,2976.0,2965.5,2974.3,2969.7,2975.0,2974.5,2974.9,2978.4,2972.4,2974.9,1.7,2.0,2.5,0.5,4.0,1.5,1.0,2.0,1.0,0.5,2.0,0.0,0.0
2025-06-26_16:27:19,33.0,37.0,2991.6,2976.0,2972.1,2983.0,3007.0,3007.0,2975.9,2976.4,3007.0,3007.0,2974.3,3007.0,3007.0,2.0,3.0,3.5,3.0,5.0,2.0,0.0,3.0,1.0,0.0,5.0,0.5,1.5
2025-06-26_16:27:21,32.0,36.9,2987.9,3007.0,3007.0,2971.3,2974.9,2974.9,2973.3,2968.3,3007.0,3007.0,2976.2,2975.2,3007.0,2.2,2.5,4.0,2.5,5.0,1.5,1.5,1.0,1.0,1.0,4.5,0.5,0.5
2025-06-26_16:27:23,33.0,36.8,2996.6,3007.0,2977.1,3007.0,2975.9,3007.0,3007.0,3007.0,2975.5,3007.0,3007.0,3007.0,2974.7,2.1,2.5,3.5,1.5,6.0,1.5,1.0,2.0,1.5,0.5,3.5,1.0,0.5
2025-06-26_16:27:25,33.0,36.6,2991.2,3007.0,3007.0,2977.8,2977.5,2976.0,3007.0,3007.0,2977.4,3007.0,2977.4,3007.0,2965.8,1.7,3.5,3.0,2.5,6.0,1.0,1.0,1.5,1.5,1.0,0.5,0.0,0.0
2025-06-26_16:27:27,33.0,36.6,2994.2,2975.3,2977.9,3007.0,2974.3,3007.0,3007.0,3007.0,2976.6,2975.5,3007.0,3007.0,3007.0,1.4,1.5,2.0,1.5,5.5,1.0,1.0,0.0,1.0,0.5,2.0,0.5,0.0
2025-06-26_16:27:29,33.0,36.6,2994.8,3007.0,2977.3,2977.1,2978.4,2978.5,3007.0,3007.0,3007.0,3007.0,3007.0,2977.6,3007.0,1.4,2.5,3.0,1.5,3.5,1.0,0.5,0.0,0.5,0.0,1.5,0.5,0.5
2025-06-26_16:27:31,32.0,36.8,2987.1,2980.8,3007.0,3007.0,2977.9,2977.7,2977.1,2973.7,2973.6,2976.2,3007.0,3007.0,2981.3,2.2,5.0,5.0,2.5,5.9,2.0,1.5,2.0,1.5,1.0,1.5,0.5,0.5
2025-06-26_16:27:33,33.0,36.9,3007.0,3007.0,3007.0,3007.0,3007.0,3007.0,3007.0,3007.0,3007.0,3007.0,2977.4,3007.0,3007.0,3.2,6.5,4.5,1.5,8.5,2.5,2.0,4.0,2.5,4.0,2.5,0.5,1.0
2025-06-26_16:27:35,33.0,36.5,3000.2,3007.0,3007.0,3007.0,2978.7,3007.0,3007.0,3007.0,3007.0,3007.0,2979.1,2981.9,3007.0,0.6,1.5,0.5,0.0,3.5,0.0,0.0,0.0,1.0,0.0,0.5,0.0,0.0
2025-06-26_16:27:37,33.0,35.9,3001.9,3007.0,2973.6,3007.0,2978.5,3007.0,3007.0,3007.0,3007.0,3007.0,3007.0,3007.0,3007.0,0.2,0.0,0.0,0.0,1.0,0.0,0.5,0.0,0.0,0.0,0.0,0.5,0.5
2025-06-26_16:27:39,33.0,35.4,3002.4,3007.0,3007.0,3007.0,2979.3,2979.2,3007.0,3007.0,3007.0,3007.0,3007.0,3007.0,3007.0,0.1,0.0,0.0,0.0,1.0,0.0,0.0,0.0,0.0,0.0,0.0,0.0,0.0
2025-06-26_16:27:41,32.0,35.1,3002.1,3007.0,2977.0,3007.0,2978.2,3007.0,3007.0,3007.0,3007.0,3007.0,3007.0,3007.0,3007.0,0.2,1.0,0.0,0.0,1.0,0.0,0.0,0.0,0.0,0.0,0.0,0.0,0.0
2025-06-26_16:27:43,32.0,34.9,3001.9,3007.0,3007.0,3007.0,2979.4,3007.0,3007.0,3007.0,3007.0,3007.0,3007.0,3007.0,2973.5,0.1,0.5,0.0,0.5,1.0,0.0,0.0,0.0,0.0,0.0,0.0,0.0,0.5
2025-06-26_16:27:45,32.0,34.6,3004.6,3007.0,3007.0,3007.0,2978.0,3007.0,3007.0,3007.0,3007.0,3007.0,3007.0,3007.0,3007.0,0.2,0.0,0.0,0.0,1.0,0.0,0.0,0.0,0.0,0.0,0.0,0.5,0.0
2025-06-26_16:27:47,32.0,34.5,3004.5,3007.0,3007.0,3007.0,2977.0,3007.0,3007.0,3007.0,3007.0,3007.0,3007.0,3007.0,3007.0,0.1,0.5,0.0,0.0,1.0,0.0,0.0,0.5,0.0,0.0,0.0,0.0,0.0
2025-06-26_16:27:49,32.0,34.5,2995.3,3007.0,3007.0,3007.0,2979.0,2976.0,3007.0,3007.0,3007.0,3007.0,2981.4,2981.5,2976.3,0.2,0.5,0.0,0.0,1.0,0.0,0.0,0.0,0.0,0.0,0.0,0.0,0.0
2025-06-26_16:27:51,32.0,34.6,3007.0,3007.0,3007.0,3007.0,2977.7,3007.0,3007.0,3007.0,3007.0,3007.0,3007.0,3007.0,3007.0,0.2,0.0,0.0,0.5,0.5,0.0,0.0,0.0,0.5,0.0,0.0,0.0,0.0
2025-06-26_16:27:53,32.0,34.5,3002.2,3007.0,3007.0,2978.3,2978.5,3007.0,3007.0,3007.0,3007.0,3007.0,3007.0,3007.0,3007.0,0.1,0.0,0.5,0.0,1.0,0.0,0.0,0.0,0.0,0.0,0.0,0.0,0.0
2025-06-26_16:27:55,32.0,34.2,3000.0,3007.0,3007.0,3007.0,2978.7,3007.0,3007.0,3007.0,3007.0,3007.0,3007.0,2978.4,2979.6,0.1,0.0,0.0,0.0,1.0,0.0,0.0,0.0,0.0,0.0,0.0,0.0,0.0
2025-06-26_16:27:57,32.0,34.9,3007.0,3007.0,3007.0,3007.0,2977.5,3007.0,3007.0,3007.0,3007.0,3007.0,3007.0,3007.0,3007.0,0.3,0.5,0.0,0.0,2.0,0.0,0.0,0.0,0.5,0.0,0.0,0.0,0.0
2025-06-26_16:27:59,32.0,34.6,3004.6,3007.0,3007.0,3007.0,2977.8,3007.0,3007.0,3007.0,3007.0,3007.0,3007.0,3007.0,3007.0,0.1,0.0,0.0,0.0,1.0,0.5,0.0,0.0,0.5,0.0,0.0,0.0,0.0
2025-06-26_16:28:01,32.0,34.6,3002.1,3007.0,3007.0,3007.0,2977.8,3007.0,3007.0,3007.0,3007.0,3007.0,3007.0,3007.0,2977.7,0.2,0.5,0.0,0.5,1.5,0.0,0.0,0.0,0.0,0.0,0.5,0.0,0.0
